27.38095864 -3.58175743
0.42543851 -8.37037046
1.33556499 -1.06752283
13.45818974 -2.6379999 
18.20500953 1.70918316
12.44454573 -4.20286337
-3.58938974 -5.1421315 
21.30232233 -1.59427717
-2.5664711 -5.79687763
-1.55010774 -3.73370907
5.35827049 -1.665889  
-4.65578415 -2.97062033
-10.60813168 -3.86827649
-8.47961787 -8.55739442
2.56285409 -7.58025199
12.39843664 -2.06718003
20.31160115 0.71406008
15.32632159 0.5901785 
8.49437888 -2.97612951
16.35992117 -3.97603656
26.37201512 -3.22301007
2.26343838 -0.8155018 
1.30907094 -3.21233006
-4.72802602 -2.02919189
-3.77232275 0.04057897
24.09203727 5.64367834
-6.64371786 -3.74209289
-5.71243149 -2.76385045
7.27538758 -0.28620488
-3.64406819 -3.81025822
1.26471622 2.63245089
6.35904686 -0.45213875
4.2885513 -2.45242377
32.26609135 0.46415634
10.24875902 -0.4803579 
0.27142728 0.68088092
10.33511769 -3.88130395
-1.72517541 -1.67484107
-1.69065281 -4.2175992 
28.40048285 -5.64400302
17.38973205 -3.15830936
-9.7327762 -0.92439229
1.41439573 -4.75012766
3.2827242 -1.87394993
7.33018542 -2.58297761
11.28934229 -0.34930575
2.37248886 -3.60463782
1.4141555 -3.74260362
3.35079195 -0.81486855
8.47021183 -2.01231321
-7.47762152 -7.28333313
-5.62781188 -2.66763078
11.48550353 -5.46074791
15.3673373 -2.16776537
18.3600053 -2.85533573
16.2977163 1.11920721
18.39862678 -3.01876661
2.37593118 -2.77596864
8.41975277 -2.87605374
-11.6933494 -9.00029876
1.23443578 -3.35909476
0.30954311 -2.4687198 
-5.74679385 -1.77487551
-12.7127409 -1.15878431
4.1715369 -0.47028638
-1.71625751 -1.59299572
-21.581064 -5.28908897
-21.74366066 -0.54753479
10.22573368 -2.34451194
51.16961723 -1.69411031
3.13118848 1.04301401
-13.85469727 4.6018448 
-12.86593259 3.9623991 
38.97270403 10.67129784
1.16778931 1.16327599
-2.74765134 -3.38754964
-13.6704222 -3.90249919
12.15262041 -1.0569617 
36.25755887 -3.98164034
1.10793695 3.31761108
-13.8075761 -1.14833861
-13.74352587 -1.21448288
-21.92456654 3.70762206
-14.81680005 2.8968957 
-5.77110731 -1.87769403
-0.79195505 -1.80049018
-9.90721581 2.89329443
-11.97159905 5.96718226
-15.87247185 1.67320661
-29.92147862 3.07948692
-18.81579076 -1.43266331
-13.85710773 2.15634776
-19.83196551 0.69623266
-11.797211 -1.9257476
-1.77976889 -1.67061136
62.13393013 0.56099966
34.05614916 2.80744864
-14.72218019 -4.05074354
-11.69253072 -1.69989931
-11.77364612 -1.99311787
-2.77136975 -2.15739018
-11.81792993 -1.37974871
-1.85283346 1.26558394
-13.85022479 -0.46211908
-14.82377229 0.40812536
-9.88022988 2.15083131
-19.778863 -1.06301182
-15.86022396 2.51800412
-7.80447933 -0.94934472
-5.81394695 -0.02656615
7.18109189 0.04844835
-11.86745305 0.98949055
3.17363107 0.68301654
-11.84372724 1.01409391
-15.86515119 2.3209389 
-14.89129577 1.36338593
-13.88050912 0.74249384
8.07986655 2.84304395
-19.73909302 -3.62263778
-12.86926715 -0.81994263
-3.81117122 0.20217452
19.12153166 8.84898719
1.99855724 6.92127358
-13.84789954 1.72117574
-17.81891518 0.93807667
-14.83640015 0.88430472
-13.78902824 1.33367331
-8.00210012 8.53106363
-11.92873472 4.3093975 
-19.88523898 2.18632665
22.20604742 -0.86049198
4.21826695 0.97709108
-1.84980575 4.72165682
6.16955097 2.51333561
-14.70485129 -2.04801247
-5.69022122 -0.60720442
-10.86498631 1.85710365
-3.90623346 5.97894814
-11.74392877 0.21370577
1.1261219 4.73728614
-3.82311527 1.71875727
-10.75701617 0.587247  
-2.87879723 4.18374119
-7.79444959 0.76499144
12.31841748 0.01345564
2.15113529 1.88742585
-19.78330627 0.716253  
-13.72787803 2.3937184 
-7.68982084 2.36381104
13.31474288 2.97025115
23.24020595 5.44425058
12.35544977 3.39766835
16.17346761 6.50778517
-1.56173448 -0.28912322
3.2914331 0.95908625
-6.73123462 3.09632149
-10.61834602 0.44095711
-2.85511643 7.83564448
-1.56171972 5.78141294
-10.56445304 3.18000009
-11.71469874 1.83237856
7.23972051 1.07359593
6.17740372 3.02116009
6.23754935 -0.37138926
-9.65887744 2.84573458
-11.77570736 3.29309584
11.33646268 4.43889782
-11.59921646 0.53252327
5.25126984 5.49965136
12.21942054 6.34419342
-3.77066042 -0.05428493
-13.61239573 0.40451586
-8.60110196 0.84787307
-4.70622541 1.6913363 
2.2297654 4.05249368
20.36005867 1.79326043
20.33797045 1.54063974
-3.71780986 5.47779173
